7708503727
8903019871
0266048970
0277014204
0266008329
1106014140
1102054991
1102024468
3905078834
7703647595
0274051582
8604035473
4823006703
0268008010
7706613770
8602060555
8401005730
0277106840
8608048498
0258005638
7840346335
1651000010
0276053659
1644003838
8603089934
7202116628
0268036071
6320005915
7601001107
7116000066
5020037784
1103019252
1651070377
2309095298
0268004714
1658008723
8622000931
0277077282
7713085659
6320002223
6317130144
6227007322
7723006328
5607019523
7802849641
6320004728
8905026850
7728640182
1600000036
7723332561
6319033379
7740000100
1651000041
0263009557
1834100340
7729099008
2427000415
3821008485
4218000951
5920000593
0270007455
2631015563
1655189422
4205000908
2505008358
4312126856
2434000335
2614019198
2624022320
7736036626
1121003135
8609000160
1433000147
3801009466
6314006396
7713016180
6330017980
5905018998
7414003633
0255017547
6323049893
0266029390
1627005779
2443000518
6453163766
3528000597
6325000660
5257003806
4345000312
8609002880
1215027621
7017075536
0323097504
7602037385
6658084667
1102057865
1828017887
5908007560
7705739450
0273008320
2457061937
6325004584
6623000680
5905099475
7737049096
3801046700
7451341341
6664014643
7453068000
0269034133
3627000397
5258000780
0264022409
1651044095
4630001603
2310043294
7022000310
4214000608
4716016979
4312138386
6330000553
8904034784
2465000141
9102154817
5191431170
1832144060
5610058025
1004001744
2465142996
4221000630
0326567162
4710012865
1651025328
6812000252
5835011964
7118004789
7530000048
6608007434
8602067092
5104002234
7715057618
7716182080
6377005317
7450001007
2453013555
5260112442
6449076937
4214002316
9102048801
0255010527
0266036534
5103070023
5249002485
7704833717
0326567170
2457056260
5904100590
3445042160
2517001325
0541030620
1660183627
4345000295
5902201970
2607018122
0275074279
7701288541
7724294870
3447006030
6937000025
7721632827
1826001360
9106002678
7728276053
1315012925
5009045076
7709930344
0279000119
5501041254
5408105577
6319002765
1215085052
0814118403
1501000010
5249001499
2722010040
5606001611
1911000014
1653005126
5835037320
4222013696
1434045743
7708737500
4205242400
1402046085
6323106975
5250051800
8608049090
2308128945
5260080007
2636032629
2703032881
5321029508
5249051203
8300004226
0273018416
5249074105
6629022962
7206025040
6315000291
7101006354
1660033036
5907016890
6335007320
3448017919
5908006119
3128005752
2700000592
5836602550
3702043642
7449042009
1207006988
4329008459
2365004375
2460066195
5214008285
1660297582
4345102000
4214018370
5003055920
0266032970
0266033685
6625004271
5609061432
3814007314
5911029807
1609013424
2460083169
3006006420
1659032038
6704000505
6829012680
3234043140
6646009256
1300000807
5805012417
0277075768
5903003690
3604017531
9104003524
1658087524
7705035012
6911002726
7715729877
5904103841
6325002019
1648033456
1618000020
0400005170
5918838116
6340005960
7710291237
0264015786
4633001577
7805018099
4322000130
2126003074
2222000936
5916015580
6625035086
3435900186
2124009521
7841312071
4708007089
6626002291
7702583250
7708737490
0265025836
1841017491
3015087458
2309051942
1215102460
7451012266
2221003500
7701024482
3713000496
1657036630
2722130919
6612005052
7714626332
4214000693
5036074848
4205072099
5003026493
2205001753
1327004453
1840005542
6449008704
5913004822
3523001117
0541000382
4710002063
4253000827
1624008838
5904210554
6206002034
4345462934
7718018279
4501013181
1210004525
1316105019
7017156263
5612002469
0273053932
6382021610
4217031675
5003028028
3528191736
4029045298
6618000220
6672230486
8604028571
7328032711
2323025302
7725610285
5239001108
5920000071
5249076649
1651057270
5948019869
5250037524
4218019913
3448003962
2303025270
3435801192
5250043567
3127000021
8605003932
3815011264
7728021062
9403000070
7450043423
6632004667
1901043379
6315376946
6665002150
5036065113
0260002024
0266028780
3528081483
7300000029
4223035004
5190908693
0517010870
8904034777
4212024138
7113000847
5003065767
7718013802
6367020355
9701189914
0274036993
5003063216
7022010012
6453010110
5906075029
5918005160
9909012867
6663003800
3849037856
7449006184
7448000013
6453046678
7327033568
7415029289
7708737517
0261013879
3611000514
5017014392
5908051070
3325008054
3900004998
2724152185
4909021566
7717133960
7449006730
7415036215
4216001565
2204001528
6615001962
7704784450
2457058356
0262016287
2451000582
6630002336
4200000333
7709956455
4716014682
6621016702
1826000655
5911040568
6625006078
0274053773
0274964487
4025423372
7725334109
8608180070
3663002167
5920014645
5610218014
5905021239
7811038047
8911020768
8603089941
6230054820
5001000041
7722245108
6623000708
5031075380
5249000858
7718607570
9102013975
6453097665
6318100826
3229000246
2902059091
8610022360
4220023963
5020002781
7728060368
5614014942
7114001610
7735000722
3442123614
5247004695
5605000830
2208000010
7709625414
7702080289
6606003385
5452112527
5911013780
7204084481
7714027882
5250018433
8608063129
7710373095
5406323202
1834051678
6659190900
5045016560
6660000590
1644047828
5902990852
6168000080
7802071707
3441004685
3606000283
3808065646
2630016211
1629006841
3702011513
0266012678
0275075378
1650157635
1831034040
4219000048
6451114900
7726401862
0278042388
6315229162
6382018657
3808079367
8709009294
0279998391
5954000425
3327100746
6330017363
7710473036
8603120013
9102070194
2434012299
5615002700
6320004630
4205037640
6142025298
5607014437
2426003607
7536125117
6134009567
6134010989
8603138733
7417001747
7706415345
6451122250
7017248429
8602223094
4100000668
8620018330
7017084932
5405270340
7519001200
3304005609
5835093290
2464005002
3459080648
7401016314
220402933037
3528103017
7740000090
2511000090
4909006832
4223713620
4707017905
7401000473
1661008339
7715087436
3650000959
3711005996
7722154362
7704018536
7811013885
5018138369
2457002628
2511094010
6325027630
6340006106
6449042335
9102157783
5503001024
7704758153
7712098983
6452042857
6439071560
7719091049
5408156204
5032074156
3728002150
6631001159
4214022665
9106001900
0522018698
4028026750
6404001667
6714027560
1608010251
2801018275
0274092758
057100600670
5072600951
0278156201
1644046944
5405950881
6325027623
3403016633
7411009901
3528113030
1627005000
3435900563
3302001983
7710498263
7713591359
7732521036
6829042162
1624004583
7705008210
2624028829
3016059510
7733312123
5913001268
1910006486
8605016650
7839395419
5501023216
5603045522
4205007950
2457061920
7701984274
3801072394
7718220196
8610030917
3444070534
5042137221
5914024719
4220029387
6314004328
6374006640
2123000942
6664003909
4407006010
3232000609
7113502396
6378003182
4221000133
5452114972
5806003172
6147025090
4707020432
7705770700
2130006695
6915002325
1106019518
8905000428
2631805988
5049015303
6151012111
5254022399
3802008546
4813001287
1435029085
5409005938
5261079332
0545001919
8601052544
2224173758
7404062816
3250526497
3128011788
5040049770
2635258905
6603021700
3448046860
7726014172
5904297072
0269008503
6501216227
1840083283
4253042369
2128701370
7411005872
6134008443
8701003195
0315006623
4218107045
2309175666
2315057727
1834039053
5249079128
3810035857
5001071638
6154011797
7610052644
2630016660
8904002359
9722033065
3808066311
4229004316
8608052470
2363001058
2204052762
4346001245
1434031363
1651061372
0266004050
3528079646
6167055777
1327030735
6659010266
8608055054
6452024470
7819310752
5018033937
6208000498
4623000045
7734249379
4704087728
0264004103
5837013491
6314007329
1656025681
1644047842
1644039070
7017194276
3419004200
2130095159
1834034714
7703651760
7453018129
5044046731
1646012500
2122005916
2503032517
7611001307
8608054903
7730014256
4826050108
6633001059
3906089959
4000000255
4213009781
6730008003
6732163727
2623800383
4205073166
1511011082
1216019038
0543035503
7801002274
2126000147
9105005901
0256006322
5005000148
2020003571
6623029538
2210005457
4029047030
7817323403
5249101729
5042151160
6608004641
8603023073
4218005950
7713070229
5403231680
7203330198
4501129676
7718013714
4704012472
1644026144
6215009501
5703008860
5610029842
8609000900
7017150776
2801163890
3329051460
1428009578
2710008167
8912001990
2302016730
4205001274
4218000253
2211005435
2457080792
6320079265
6670022392
1106013435
1644011638
1658074349
7825133660
8904045666
8904095427
7117000076
2709010901
4205049090
7704197780
9111022172
6950161416
0273010086
7404052938
5507029944
6167091951
6323002912
1328006189
3711008940
7709263796
7422000795
9909228249
1003000650
1121022681
6114011470
0265045504
0265004219
3819005945
7830002462
7810356819
4203001617
4223036696
6320004615
8913008332
2605013094
7733338555
4004002750
5243000185
7727547920
4223057424
4202004414
6730000614
7729134774
5044018861
6829007922
3302000186
4612001551
7721427433
5921002508
4246004250
2204051487
5250000877
7802400158
5027030450
3913009739
5003003915
8913000816
7017368130
3623007578
5614085615
1402045638
8610010727
4205207973
6907010883
5261000011
2311006961
6150040250
3913500440
5249071418
9111004582
6168001358
1420005042
6911000550
4704012874
2540021263
3257044421
7722607816
2901032139
5402194267
5917230893
4714004270
6616000619
2625800607
0260010699
5837022880
1903029034
7449000721
8601058850
7724551809
1435263092
2462206345
2465201987
6135008069
8603138726
2434012309
4025431260
3834002314
1902015920
6903037796
2462004363
1400053834
6673125685
7530014555
2123023410
7709129423
3103004524
0306218607
7721755709
9410002953
0323066256
0411169236
4218002236
6318205201
3126019943
4345300838
8610025032
7825500173
6324085340
4250005979
7728328640
4345465597
8608059605
4025415519
7726260234
1650079031
6908012280
6162511747
6670050150
5802008821
1650008591
5321034579
4211002950
4217148426
2511005154
5053000797
2341015890
2328000083
3321020710
6027024610
3128002536
5616009708
1650019970
2265000610
1203010246
5614054751
434523181503
7830001250
5322007151
3665046177
4706002688
6230043899
6950140737
7802118578
3801008180
5249041484
5235004482
5227005524
6314041136
6633008720
5053031065
6320058723
2308065678
7017005289
6234017547
7106002836
3663088326
4813007240
0276078357
0219004990
5918839110
5919470019
5948025679
5834000617
6318103898
6312139922
4501122913
7205011944
6673089388
4345226790
1649001376
1105001927
0246006619
6377005797
5249116549
3816006147
3443009752
5904184047
1644091030
2631029083
8608053875
1326182132
2373006344
4105000069
7730605160
1644006532
7708709686
5921002018
2314013396
3435313621
5506066492
7018006870
1607000081
1639025000
7718059469
3816006073
7701215046
2202000222
2450003125
5042059767
3917022667
3903007130
5005031820
3805707944
6319212106
8605022318
3801008303
3907002975
5905290400
5603048611
5009002001
6227001715
3122000300
2901023416
1644048067
4307014272
7451048960
5906006610
5826003011
8913008237
4223003154
3906995784
3435135658
1632007348
4223035452
3913501130
3917026693
6167129563
