1216099
1161380
1152001
1215316
1215168
1214556
1212146
1211998
1210221
1210156
1209842
1208970
1208504
1208070
1207881
1207738
1207371
1206326
1206592
1205708
1205925
1164105
1205718
1205406
1203676
1203597
1043609
1002002
1001571
979478
929317
928232
1068082
985005
1203436
1203074
1201745
1200862
1200698
1194238
1192451
1183197
1165331
1136052
1127251
1200626
1200627
1200454
1200030
1200024
1185760
1184070
1182797
1162049
1152882
1143730
1143644
1124265
1123854
1113353
1112357
1110985
1106823
1099986
1063785
1048674
1026972
1024691
1023757
1018418
1015207
1008086
996509
994738
985402
982056
977506
971513
969360
967061
960572
959399
950017
936757
922046
918121
906851
897968
873995
872920
861572
841959
834403
819244
816300
1194574
1194546
1187919
1165867
1157962
1148648
1146085
1135812
1129396
1129306
1120321
1111144
1111936
1104959
1096992
1089885
1086684
1083087
1080801
1078283
1071150
1068530
1068486
1065976
1065956
1061600
1052627
1047348
1041188
1033918
1027544
1015551
1001003
997081
996388
996099
994117
992974
976480
974917
970768
963083
958166
952254
946735
944252
941985
937967
936835
927947
927750
924534
922447
923046
918669
918004
907146
905026
897366
895348
873361
868026
854866
852145
847888
844807
1193023
1157854
1083794
1062632
1031631
1002770
1002642
922128
900612
875087
1062583
1061257
1054728
1049934
1010087
904938
1113697
1079313
1061313
1053259
1005223
882462
819960
1120559
1119071
1102240
1061379
1060348
1008097
1000474
994636
968026
967763
967676
956848
902399
886079
854627
845680
1199507
1166356
1198566
1198474
1198054
1197413
1197298
1197250
1197153
1196995
1196718
1196698
1195802
1194973
1192695
1192516
1191625
1191263
1190523
1190158
1167616
1191596
1190023
1188682
1092048
1044542
992750
924604
855256
848860
844542
767635
748216
746518
742307
735558
705782
701172
691244
688322
683140
667757
638349
635655
632971
1123375
794205
769198
760675
757529
755891
748716
745635
745109
744101
740796
708045
690781
682457
659838
654623
638554
633472
622160
775447
690073
689594
675581
767488
749813
739839
704108
753605
1187712
1187390
1186637
1145776
1100004
1072260
1002272
1000262
1184813
1184044
1121143
1183713
1163173
1160673
1020455
817730
737657
736147
649159
649154
517233
1183481
1176742
1175449
1174988
1174039
1174028
1173669
1172889
1172901
1172792
1172058
1172051
1171357
1170670
1169393
1169276
1169061
1169049
1168012
1137874
1167510
1167556
1166220
1166101
1165324
1164189
1160195
1156983
1156816
1154883
1154898
1151982
1151951
1151903
1151818
1150637
1150111
1148646
1148523
1147536
1147471
1147361
1145758
1142525
1141639
1141415
1141295
1138287
1138109
1136829
1136655
1123825
1136510
1134689
1132995
1132364
1108825
1130725
1129652
1128176
1127500
1126763
1126684
1124751
1124016
1124006
1123969
1103759
1096502
1123547
1123318
1080149
1122871
1120582
1105436
1119540
1118965
1117018
1115191
1114821
1113515
1113171
1112127
1111483
1109098
1107823
1107690
1106175
1106197
1081224
1106032
1105532
1104405
1104070
815314
1103943
1101907
1100713
1100755
1100740
1100605
1099290
1098871
1098563
1098214
1098204
1097537
1097261
1096559
1095937
1094442
1093363
1088849
1084988
1104045
1085845
944558
939458
963235
951982
939508
1080360
1076961
1076610
1075323
1075125
1063938
1063598
1063576
1062617
1060393
1057782
1057039
1055430
1054894
1054595
1054075
1053942
1053063
1052264
1051481
1050731
1049452
1048677
1048553
1047926
1046749
990932
1046470
1046223
1043672
1042510
1042428
1040988
1039476
1039440
1037803
1037621
1037631
1037615
1029121
978176
1037377
1037149
1036709
1029693
1029320
1028450
1028022
979146
1027729
1027456
1027446
1049671
1025660
1025638
1024202
1022198
1021786
1019588
1019139
1017925
1017333
1017090
1016953
1014449
1014021
1012295
1011032
1009081
1006933
1006677
988645
1006500
1006457
1006388
1006076
1005017
1003748
1002810
1002711
1001759
998713
998206
997089
996740
996213
996140
994775
993438
992852
992763
992039
991531
991252
997380
990357
989517
989172
988735
987771
987383
986400
986267
933464
857576
835232
779010
778737
986261
985959
985430
984935
981839
984456
983854
983229
982958
981903
981640
981265
980335
979824
977168
976148
974704
974700
973477
970174
969028
966871
966325
965804
965108
964047
963029
962486
962250
961984
961601
961598
961196
925352
890124
886348
850148
819546
960270
959585
959104
951410
955808
954475
953562
947874
909226
909161
953505
953363
952841
949672
932915
945784
943188
943173
926219
940243
936438
886331
933892
932026
931151
930181
930045
929524
928525
927744
926959
926833
924889
923172
875846
918158
916215
915898
914136
913352
908842
1030850
910393
910513
909689
908857
908719
907625
907376
905648
904988
904638
904104
900852
904150
892941
903610
726292
593599
903431
598238
902826
901736
901235
901274
900382
899338
897354
888686
896283
896197
894469
894455
892519
891013
890936
890852
887776
886516
886384
886077
885837
885673
884975
884945
883310
881837
881679
879875
878420
878054
877991
877615
877644
876612
876256
797799
875964
874805
873940
873000
870696
865503
864976
862340
859376
859256
858403
858400
857699
857456
855528
853367
852400
956042
811319
851119
851034
732655
713930
665936
850721
849746
849631
847317
846756
846012
843391
843135
842103
840651
840582
840231
840120
838671
837976
836407
835235
834175
833520
832470
831291
829883
830822
829713
829221
829089
822687
747838
825312
824920
823742
823703
823289
822934
821888
968604
854309
821666
821664
821346
821016
818133
817790
816149
813381
812318
800126
604832
812042
810387
808307
805744
798071
777904
794779
792888
785753
777639
791581
785895
805682
801590
801283
801122
800736
797321
797020
813032
796936
794771
573938
793617
791251
790748
789316
785884
783949
782151
780815
778913
778390
777572
775505
775339
772565
772791
772559
771029
770750
769944
769259
769214
767102
766710
766133
765904
765637
764904
764734
764680
763566
763526
763087
762823
758879
762660
762281
761214
758856
756624
755694
754361
754012
753906
753259
753211
752371
752364
751666
751456
750513
749305
748945
748604
747981
747191
746558
745968
745449
744456
744043
743760
743465
742507
742212
741952
741403
740872
740699
695121
638838
792374
740330
740161
739372
738339
738204
736086
736050
735794
735385
735117
734817
733232
732265
732098
732050
730074
729544
729023
728733
716814
715336
728911
718894
715168
712742
728175
727974
727961
727384
726937
724507
724442
724346
723640
720762
720753
720305
718074
716487
716146
715616
711609
709465
711006
708229
707902
707443
705671
705389
704714
704367
704134
703983
702755
702234
701222
700951
700685
700593
700442
699674
699575
699280
670077
698151
697475
697201
695685
694634
694416
693280
693110
691292
690893
689883
689479
687862
687801
686893
686743
686604
685078
684674
684344
683198
682092
680953
680950
679161
681426
677942
675499
672809
668456
597233
668540
665731
664683
664267
663123
663054
660506
658071
658416
658008
658006
657826
657049
657044
656499
655934
651691
655920
655754
655682
655406
655208
654461
654423
653785
653503
647761
652367
652349
652342
651892
599326
651511
651082
648759
648334
648074
646899
646772
646431
646110
644988
643302
643189
643149
642683
642519
642112
641477
641324
641120
639803
636848
635522
633674
633771
632638
631559
631014
630562
630467
630382
629904
629131
626366
627451
627322
627064
625080
624636
563179
625264
624437
624033
869066
623265
622597
621216
620202
618549
618500
608624
540212
616454
618482
615727
614013
600935
592027
589577
589248
587686
587375
585171
583386
576996
575811
575206
573144
568620
454986
454099
450393
720367
676170
671842
643323
616846
596122
527716
514325
547864
539180
546940
542946
536697
528176
537851
537654
535521
532383
534386
531265
527100
513321
506777
500764
492645
483528
477795
506500
505270
491985
486502
484966
483935
476691
470628
463095
469048
457458
456070
455317
453481
453005
449350
453330
446805
438275
432537
408985
408625
403624
775198
427359
424286
418594
415773
412847
393733
391305
387322
411892
404883
404081
401845
401345
400881
396791
396328
393579
395224
394533
391799
391292
380780
389349
387978
379814
374450
368571
339031
374338
367626
365118
362883
362351
361355
359074
357598
341725
327175
325879
322031
321607
320509
320242
314517
309465
308178
289672
289658
287480
287460
287385
287309
286758
282789
282045
282041
278366
276705
271880
270470
236617
235768
234011
232984
233782
231908
231229
225842
225374
215378
176111
156907
154983
153450
136706
82919
82042
65170
123657
75303
73320
73318
73313
67460
60829
39167
33500
32453
32276
28273
19118
18471
16112
16097
15898
15892
1211894
1209619
1209478
1208347
1207694
1207396
1207301
1206525
1206432
1205962
1205757
1205497
1204042
1202433
1202414
1200523
1200483
1199866
1198900
1198873
1126141
1198811
1198809
1198313
1197506
1197495
1188719
1196902
1196558
1196515
1196375
1194835
1190975
1190940
1190840
1190466
1188251
1188192
1185327
1183737
1183558
1182081
1181572
1181569
1178597
1178569
1178450
1178039
1176899
1176550
1174018
1171360
1170465
1169945
1169552
1168134
1165941
1164879
1164292
1163364
1162086
1161098
1160398
1160371
1122007
1160319
1159646
1159566
1159009
1158411
1158280
1158273
1157609
1155729
1156809
1152426
1150709
1150549
1150530
1148695
1147150
1146724
1146651
1145511
1138181
1144114
1142999
1139711
1142980
1105931
1142424
1141350
1139810
1139612
1138484
1137876
1136634
1136493
1136379
1135795
1135705
1134126
1131022
1129261
1128589
1125287
1124964
1124642
1123508
1122684
1122268
1121603
1116719
1119716
1115759
1115223
1115192
1112574
1112579
1111474
1109196
1106677
1105465
1103695
1088161
1100479
1099786
1098865
1098507
1095158
1094469
1093800
1093104
1092024
1091029
1090772
1090542
1088181
1086558
1085538
1083133
1082232
1081797
1078960
1078634
1077416
1076449
1074929
1074344
1073630
1074447
1073264
1071749
1070032
1068927
1067139
1063437
1063009
1061279
1060927
1059726
1057788
1057732
1056262
1054973
1053862
1053173
1050393
1050237
1049808
1049211
1047623
1047245
1039582
1045439
1044900
1044164
1043505
1042701
1040905
1040801
1038164
1037298
1035089
1032275
1021445
1031628
1030320
1029509
938958
1022125
1021813
1021875
1021837
1020627
1020460
1019432
1018641
1015750
1014816
1013918
1013244
1012446
1011165
1010842
1010828
1009769
1009432
1008393
1006944
886959
857449
784194
783870
1006745
1006456
1005659
1003316
1003293
1003025
1000408
992942
988730
985781
963653
938335
921149
895614
889654
983793
983085
982112
979837
981564
980089
979002
976009
975784
974227
973047
972106
970552
969677
968440
962657
961412
960388
959522
956680
954419
952707
931791
950742
949132
947918
947345
945716
942917
942228
940806
939235
939067
937996
937388
936646
935828
933964
633379
933041
931139
931703
931193
928443
928244
927747
927308
923912
922595
921616
920350
919958
918637
917998
917660
917561
916864
914650
914629
914454
912409
911188
911338
910595
910382
909294
908267
907179
906491
904285
903066
902844
901246
899891
899633
898549
897899
895717
894804
893282
892674
891669
891396
890794
889945
887656
886608
885793
885326
884728
883462
880412
878530
877962
876794
875839
870183
869556
868520
864608
862309
858866
858840
856922
856075
854588
768375
853392
851769
850007
849532
847720
843864
843713
837147
832197
828613
826175
822657
819026
817562
816327
814499
812865
812638
810316
808328
807762
807448
806905
806567
805073
804744
804382
760541
802862
801455
800869
800582
799427
796854
795790
796284
794580
794571
794361
792522
791136
789324
789655
788082
786072
785154
784054
783227
783215
779831
778595
776952
772396
773253
770669
770073
769797
767840
766815
611926
765994
766077
765434
765088
764149
761892
758833
757526
757520
757060
754998
753119
752205
751907
748499
748267
748126
746324
745712
745571
744868
744633
744418
742796
742023
741712
741533
741013
739662
739253
738790
736049
735831
734826
734310
733215
733099
730773
728541
725725
722504
722391
721489
719664
719399
719072
718247
715699
625317
714082
712515
712234
710902
709619
709601
705994
706082
703787
700831
700388
695141
693331
666813
693261
692723
691115
686419
684934
683733
681093
680744
680426
675895
675878
674935
673797
672795
669123
667468
667354
663661
662712
663455
662858
661859
661587
661239
660279
659555
659503
658705
658169
657849
657988
652972
649204
648449
645792
645643
642612
641370
641059
640491
639584
639464
638621
636222
633518
626859
625081
614913
610730
598113
597628
594093
596377
584072
576509
574389
569764
568795
566431
565458
563893
563239
562210
559616
528758
528156
527095
510000
525442
519707
518113
517851
516158
512211
510714
503226
499303
498035
496666
495751
494204
493263
492606
491452
476942
484497
480407
477115
460430
459518
450477
446717
445092
445226
443685
438174
431675
430449
428607
414912
401022
396872
392113
391771
385739
382327
373929
373319
367005
354791
306733
306023
303114
301155
297397
293862
287047
275550
250306
237033
233145
197137
197084
193380
181572
181255
168441
168328
168313
168301
168291
167760
119547
96237
20401
19701
19607
14999
1196850
1196033
1195012
1186065
1171752
1169999
1168781
1165440
1160984
1160059
1157005
1144292
1152898
1149782
1148517
1129357
1126325
1124357
1122812
1104928
1086938
1086151
1073810
1072844
1064378
1062642
1062316
1060343
1058047
1053551
1052133
1041056
1040504
1040215
1039986
1035677
1016980
1016131
1014813
1014726
1012403
1009756
1007681
1007659
1007540
1007361
1007286
1007135
998938
997082
995157
992765
562770
992471
992254
990151
988646
986078
968023
962234
960179
956786
942664
937509
933823
782054
925165
912708
905787
821757
861544
858502
857176
850374
850325
847679
807882
842647
823824
836872
835488
773623
753877
753743
727446
723081
681331
678249
662521
662268
650819
642038
640526
628361
624863
621627
615083
582558
580408
577476
565181
538975
516696
509908
507840
485038
470653
463175
462090
454687
452937
452277
449888
410235
391198
386159
323745
316601
290322
290313
302730
235352
152865
152507
125960
59494
57043
1164278
1117812
1090302
1083004
1080752
1068999
1068127
1066183
1065495
1064361
1062601
1061170
1056041
1053268
1034064
1029735
1024947
1019897
1015554
1015542
1014767
977283
962667
959781
931282
921617
921607
918696
915989
913398
851685
907151
891771
890848
889042
872491
868423
841235
835434
785268
783606
782857
781241
759506
757183
716858
702826
702469
699762
698783
697825
695002
694095
682881
678858
669121
666964
640235
635770
631849
629979
628919
627905
626577
625082
581094
577433
577127
576174
573080
504719
500248
477445
474415
460969
432825
431826
420498
382963
361251
238511
939209
934744
920812
897537
893887
875037
873146
670368
667473
664342
641382
639117
510480
1162255
1148065
1146281
1143630
1138828
1132120
1129375
1128945
1127265
1119574
1118151
1116862
1102942
1101443
1011026
1010250
1009035
1008752
1008312
1007154
1004103
1001931
999574
999300
994164
991719
991720
967548
966425
960333
959623
950906
935641
930807
925410
920845
874717
862967
855622
849260
837605
833978
833132
824090
809105
780341
770489
766127
754801
744407
733857
731575
721147
715722
715653
714484
714175
711694
710223
710021
695800
640952
639666
636451
396358
221680
1125479
1121470
1118096
1110932
1104991
1007728
1099192
1098234
1098225
1094062
1089899
1082695
1082435
1070403
1077999
1075087
1074149
1069104
1068068
1067266
1054860
1030254
958485
834694
721817
686498
1046794
1009879
1004011
1004058
998720
993492
990228
988972
986967
986864
984130
980094
976519
976641
972480
966253
966554
963332
960197
956699
953264
951452
945990
943282
939788
937435
937654
934578
931954
933229
930105
929397
929525
925978
923292
921498
919563
915735
909955
906513
903767
900184
899653
899125
888279
886450
880208
874461
873112
871355
870471
870605
870248
869592
869588
869568
869529
866432
866350
864431
863009
683403
861025
862086
860153
858690
856875
853101
851816
847168
847117
843016
841668
838219
835296
834123
830418
828535
817307
817465
812543
800142
797368
794353
791956
790125
787387
784260
781011
779890
779429
778352
776459
775495
774880
772652
767826
766892
764573
755798
749040
748532
746887
741312
741219
735357
728880
728573
725062
724735
720599
720454
720040
718432
713960
713649
710257
708022
707603
705546
704617
704604
701179
699432
697360
697297
693301
691422
690198
683415
683094
671352
671399
670465
668097
637613
630671
596582
593413
588536
586323
576476
564353
561575
555130
547704
547616
545496
543129
527516
520593
517206
512375
873025
869790
859423
855553
809099
807194
803788
702377
678140
674703
670856
653205
650440
648886
643421
639170
633981
627396
624181
619784
601360
541076
395699
381219
320411
318609
860824
774482
763929
664421
658219
599125
669799
669798
660215
660214
647850
647848
501321
20353
21330
17591
17519
15717
15318
1103209
1100508
1090666
1071478
1058455
1050272
1037104
939427
932962
661079
638881
633531
627902
626197
624026
619001
618301
606339
32247
765982
764445
761404
40580
191770
178184
174518
170093
150615
111276
62409
61620
61597
61598
61574
55840
41471
1033596
226464
201555
58542
52274
37611
34772
28339
25953
20013
223626
1166997
1165556
1165541
1161568
1161564
1161145
1161126
1154027
1161008
1160982
1158624
1158682
1157979
1157975
1156554
1155361
1154754
1154738
1154362
1148409
1154221
1153946
1092108
1083389
1040442
1028630
999284
969092
962983
1068107
1005264
1153701
1057348
809399
802402
800094
792042
790530
783314
774031
771900
771578
767571
762613
748302
734867
730053
707913
700111
665852
662982
615025
811680
799164
784580
763618
750858
745785
701752
692884
631986
612280
805960
803386
773904
658821
797208
771249
643780
1152107
1143934
1103266
1051886
877564
952971
1151954
1118667
1061591
1026358
1151543
1150222
1114189
1114197
1113456
1105320
1113313
1113216
1111965
1110584
1108210
1101562
1099442
1097704
1097205
1095963
1082282
1081978
1080979
1079574
1079307
1078322
1078265
1077751
1077024
1076270
1074312
1073754
1063992
1064633
1062871
1058138
1063500
1062511
1061576
1060758
1059745
1059700
1058320
1058009
883291
878732
915858
866257
1057752
1057509
1057072
1055671
1055499
1055369
1055173
1054902
1032437
895428
939324
1054504
1051818
1050946
1017313
1050359
1050206
1049856
1049520
1048793
1048488
926774
1048160
487144
1047419
1047235
1047230
1045973
1045783
907208
869272
1045590
1045435
1044278
1044269
1032571
1032293
1031808
1030345
1030023
950748
1029989
1029305
1029255
1029209
1027948
1027664
1027206
1026779
1026614
1013600
1025458
1024835
1024495
1023949
1023812
1043454
1022629
1017575
1022510
1022186
1022177
1021727
1021636
934164
749317
1021660
1020921
1020568
1020116
1019925
1018904
1018540
1018070
1017515
1017837
1017115
967557
966584
966469
966418
966163
964486
963942
963609
963564
963434
962258
960695
958379
957155
957014
955765
955770
954686
954493
954337
953968
953576
953468
952536
951745
945611
945212
945114
944992
944407
943176
942708
942473
942194
941781
925480
881771
941528
924491
911100
941461
924906
908040
924422
924312
924155
924124
924149
924135
923674
923207
922933
922184
920949
920150
908823
908033
907493
907334
907011
906963
906680
904742
904575
904570
902981
880845
864392
834306
834023
833517
828790
795929
773018
772750
902935
888805
888393
887182
886550
886437
885534
885449
885425
882161
884557
884312
883864
883129
882748
843062
882760
882548
882179
881225
878611
878418
878052
877958
876604
876350
875922
875804
875641
875048
874821
874480
873751
873200
872678
872543
871152
870610
868482
868328
868230
867418
867195
867282
752090
866332
865626
864436
863966
863624
843520
863007
862469
862021
862017
861962
861989
861710
861160
861113
859507
859421
859191
858211
857935
857910
857889
857868
857867
798864
798558
857379
854642
835005
854424
852811
852630
852060
851802
850256
849734
846989
849269
845418
743665
850980
842648
823771
844926
831674
823828
814692
798748
843839
843703
843637
843468
842134
842032
837481
837511
841935
841903
841873
841485
841337
840636
840214
839235
838626
837926
837963
837673
837256
836848
836153
836021
836013
834960
834504
833989
832530
831920
831713
787614
766355
760781
744202
741762
831504
831371
831209
831152
828793
828224
826906
825228
824772
824520
821597
818533
817449
817224
815656
814661
814086
813187
806317
804213
803696
803677
803354
802865
801707
758024
800990
800139
800109
799081
797973
797163
796483
619270
793448
793288
792857
792364
791010
790875
790920
790888
787781
787342
776926
776881
774486
774037
771992
771427
770163
769573
769333
629247
769087
736491
769003
767898
767482
767369
767031
765933
765394
765220
765153
764162
763386
758301
691899
628537
763133
762865
762505
708563
679784
639742
674226
762475
761024
759557
759445
759280
758747
757585
757473
815098
756898
753651
753610
753246
751755
751727
748599
747500
746851
746386
656181
609574
745170
745120
743780
742809
728837
742744
742706
742642
742090
721194
742052
741736
740983
740702
739122
738358
738089
718684
742089
737906
732638
736753
735237
734858
733976
733921
731680
730194
730169
729784
728448
727585
727053
720674
718149
715865
718381
727226
726149
725726
725473
723567
723006
722879
719507
722187
722140
722106
720711
720540
710935
710637
710345
661168
574520
555062
543525
586722
710334
586854
710151
708399
708049
706711
706504
704901
704267
702820
693054
692882
691967
691351
689209
688790
687299
685310
684956
682735
681880
680740
669479
669394
669261
669127
667278
667209
610237
585845
638423
616505
615206
614407
589997
665967
664910
664827
664102
662780
661882
659844
658180
658120
654283
653664
650724
583938
682970
652048
651189
649505
648643
646539
617635
606787
646461
645354
639963
643211
643177
641520
641163
641156
640552
640178
639607
638006
637489
637232
635741
635243
632365
631845
631067
630211
630161
630090
630038
722018
493738
629861
629343
628463
628312
627376
626886
626011
625837
625406
516651
624857
624710
624609
624372
624368
624161
623875
621426
623738
623317
622645
622001
621905
621665
621140
620796
620297
620322
620316
618791
617503
617468
615910
615891
615693
615574
615419
614801
589866
584393
572532
584877
556153
614657
614468
614019
584464
496806
476561
583638
539504
613393
613044
612795
612325
612254
610843
609517
606222
609016
607681
607010
600535
589876
588226
566320
552924
551090
545737
593389
566621
545586
597763
605817
605678
605405
604781
604494
604161
604109
603982
602641
602465
600830
600741
600046
599648
598503
588594
587363
588272
587359
587173
587046
586781
585942
585827
584896
582575
581184
580030
578530
578195
577368
575396
576007
574199
573563
571793
570932
570222
570057
569687
568801
568717
566373
565868
564340
558817
563004
562652
549916
562141
561457
559187
558350
544750
544073
541780
541553
541358
540222
539993
539887
539448
539447
539446
538226
528007
522012
538199
537684
537687
537688
537177
536784
536241
534445
534315
534306
534296
534271
544352
461576
1216996
1216777
1202968
1216258
1210885
1195113
1194164
1191187
1166846
1165893
1160370
1146233
1122954
1099268
1082644
1050680
1045298
1035688
1033578
1004685
999302
985470
982978
982919
971055
969365
963932
959491
951209
940617
940565
923816
923134
920816
915764
914647
914172
897411
894676
889245
886419
885888
870866
870267
864669
861041
856712
856589
855453
850948
850665
846049
842021
835613
834104
830947
814809
1200337
1182205
1125570
1123037
1111950
1101461
1084995
1060230
1025103
1000718
973523
953714
944195
939124
930735
928192
921418
907088
871988
871106
869208
836367
831988
898152
1129881
1126608
1103883
1100191
963402
814686
813680
1142742
1125629
1108603
1078743
1046792
1037546
1030009
974199
947876
931796
850077
833812
829297
1215296
1215086
1205013
1189643
1174870
1152519
1140920
1133922
1215229
1214312
1214258
1214168
1213811
1208774
1203359
1198657
1213074
1212654
1212479
1211883
1211459
1211162
1211108
1210859
1210035
1201476
1209868
1209120
1209099
1208992
1196861
1207298
1124045
1208389
1206621
1206594
1206178
1205695
1206135
1205249
1203080
1156545
1119152
1186989
1202340
1201875
1201254
1200900
1200170
1200145
1200111
1199853
1199328
1199072
1198644
1196962
1196684
1196103
1196293
1186765
951893
1090589
979900
944562
924493
1194150
1187485
1185478
1185137
1184568
1183954
1183798
1183706
1182838
1182716
1123159
1063034
1054256
1030382
1023902
1010440
1000414
996141
1185729
1101650
1027166
1182517
1167824
1127468
1101641
1080035
1056211
1181977
1181067
1181053
1181003
1210025
1181015
1119354
885106
1179996
1178903
1178862
1178535
1178461
1178078
1177778
1175287
1062970
892803
631363
647898
1151716
1175052
1174686
1173671
1173065
1172525
1162262
1172458
1170477
1169795
1169337
1168817
1168341
1158566
1147455
1135598
1124453
1100932
1091254
1083913
1076271
1065686
1055783
1042580
1028033
1015912
1168037
1167691
1149482
1147905
1146136
1144499
1139194
1143191
1142958
1141316
1112750
1141171
1140443
1138734
1138285
1022212
1137026
1122445
1122266
1124568
1122017
1121622
1121463
1120177
1120011
1115240
1114874
1114527
1114479
1114295
1092914
1091700
1089289
1073208
1130760
1089227
1089009
1088534
1088458
1086763
1086031
1085168
1083270
1082868
1073489
1073320
1072251
1072121
1070134
1069769
1068690
1066442
1066347
1066067
1065769
1064599
1043964
1043722
1043168
1042254
1041773
1040260
1040448
1039876
1039468
1039310
1039168
1039141
1019830
948410
926819
884266
855468
801595
1017277
843751
1039112
1038553
1038302
1038154
1038108
1037688
1037593
1011798
1037226
1036961
1035553
1020601
984058
946161
887383
1034681
1032632
1016625
942645
1016135
1015394
999347
990152
978689
927852
1014953
1013670
1012472
1015718
1013506
1013425
1011051
1010664
973738
837357
834744
1009958
1007828
1005983
993360
982734
973400
960728
950375
942376
932820
920969
1005801
995492
985547
975072
963465
955063
1005190
1001946
1004339
1004317
1003518
1001801
1001745
1000924
999114
999081
995595
995075
824633
994701
994142
993385
1136798
993319
993258
992625
992468
986847
992002
988896
988795
979330
975972
928960
903480
888767
831479
831469
792529
770619
763039
730166
726180
986755
985581
959391
984389
982202
979168
976040
974546
968989
963129
949202
948039
942735
942241
974208
973678
972633
972151
972050
970966
970854
934490
934485
934029
932067
930982
923186
862631
928550
927573
927113
926540
926206
924967
922810
925082
919424
918545
918296
914586
913948
918472
913865
912797
912425
910796
910619
910167
908999
902475
902371
901386
901335
901249
900911
900827
900689
899726
899308
509254
898536
898118
849092
848377
848474
847253
847098
846931
846890
846858
846332
832033
846151
846103
845762
812964
812881
803293
831238
812721
812527
811915
811896
810181
803003
794877
724465
712747
701065
681055
668502
660774
647151
635944
623724
611821
600006
579821
569885
560092
545556
537319
531144
515992
506233
497627
492061
488443
809328
808941
808604
807749
806587
785614
785466
785333
776974
1105874
819073
755648
782578
782464
782345
780949
780846
779564
778036
777478
777215
702768
701922
701714
700600
646439
629910
700271
700059
697848
696666
696236
695905
695898
695867
695856
695427
694404
679389
679255
676515
551174
675889
675882
675196
675098
674046
673409
673387
667642
673060
671939
669749
558055
557369
556924
556548
555597
555401
552026
545424
551473
549410
549122
548585
547882
546334
533911
533521
532745
532424
531728
505456
502176
530662
527427
527752
527642
527281
525859
526445
525192
515257
515051
514564
513630
512289
512068
511359
511102
510484
509041
507459
508332
486699
486277
486504
486204
483521
483519
483244
480696
480962
480248
480197
480027
479265
478876
478445
477069
469114
466604
462338
456255
451267
447118
443301
438868
434726
475924
473012
472023
471783
470047
469711
466463
466209
721953
465695
465358
462559
462500
458298
457918
456316
453734
442941
453337
452585
450237
450184
448593
443145
442777
441425
436877
440962
440067
423751
420525
439131
438672
437768
431884
430324
429077
428737
425924
424828
424129
424082
424057
422695
422684
422285
421683
421415
421118
417760
417327
414975
415028
416464
415718
412407
412241
417645
411313
410648
410288
409499
409487
408787
408669
408290
389397
385966
389162
387788
387108
385857
384518
383861
382861
378530
377685
376828
374983
373118
371430
371380
370886
370474
320570
309306
369976
368057
368026
368007
367683
367676
367228
354443
354060
353229
351841
351487
351039
349494
346818
343854
342680
338193
336100
334828
334766
334765
334763
334756
334754
334749
334743
333506
329664
327800
331375
330424
330649
329796
324142
324139
324047
323716
323014
322038
321672
320538
320537
315374
313174
313143
312535
312395
311856
311592
311484
311215
308403
305683
310363
309931
309896
308379
308152
306650
306631
307975
307521
306714
306694
306712
306706
306700
304915
303898
303712
302290
302241
299534
299538
300400
300117
299779
299311
298923
298056
296757
296408
296348
295808
292781
291765
289735
288571
287585
284575
283325
283088
282556
279365
277747
277819
275939
277060
276191
274663
273511
273061
272479
269903
269651
268611
268460
266264
266263
266262
266261
266260
266259
265491
263220
262275
261578
259997
254899
249451
259212
258019
259016
257027
255121
254353
254585
252622
251774
239825
250874
250188
250162
247449
246337
246336
245053
243774
242922
241708
239484
237812
237602
236416
235246
234605
233434
233430
233427
233423
232679
230823
230489
228064
197360
183270
216685
188725
176711
228606
225417
224471
223734
221538
220318
219225
219220
219205
216929
216853
216843
216401
216095
194033
192701
192247
185144
182901
181139
180437
174151
173405
172478
172128
167936
163879
163308
162412
162040
160065
156713
156701
156697
153447
154523
153892
153424
152396
152289
143368
132407
130756
129907
152050
147989
147495
147105
146383
135344
145506
143903
143827
138611
138782
137559
130296
128470
123649
123436
122255
121958
121952
119843
118917
118411
118399
118324
117753
116401
109771
108572
109378
108548
108358
103118
106967
106457
82547
82549
105185
97269
97373
96797
90300
89825
78656
69315
69106
67721
61106
59957
30760
30680
29842
28652
22151
21286
21150
27490
28791
25805
23079
22822
18504
1211799
1210279
1209797
1209701
1209081
1208576
1207831
1206895
1205300
1204100
1203090
1203327
1202842
957104
954678
816230
1199464
1195675
1194792
1193213
1188303
1143885
1141261
1141225
1140433
1133999
1135606
1133793
1132321
1131673
1130269
1129977
1126996
1123568
1121453
1114661
1114254
1111809
1110038
1109692
1109631
1109523
1108501
1107750
1107303
1106392
1106307
1102125
1105014
1104859
1103947
1103546
1103324
1102805
1102520
1102146
1101290
1099236
1098603
1097150
1096431
1094049
1093182
1088096
1087826
1086331
1086038
1085374
1084821
1082062
1059515
1059308
1058446
1058088
1058065
1041531
1057419
1055554
1054184
1053585
1052223
1049730
1045807
1028835
1028832
1028824
1048243
1048023
1046840
1046262
1045591
1043190
1041822
1041743
1041573
1038993
1038975
1038778
1038449
1025600
1019987
1019714
1018913
1018673
1018162
1016881
1016355
1016064
1015064
1012805
1012260
961443
961518
960738
959354
958090
956969
955789
955336
954924
954224
951990
939061
951298
950893
950140
948376
948120
942723
942246
940424
936449
935561
934596
934522
933237
932634
932162
931366
926720
908930
928751
925690
925537
924567
923061
923137
923112
923070
918130
921228
919280
918915
916988
915629
903388
912983
912885
912370
912320
912209
911375
910986
909333
866248
865960
865168
864008
863442
863380
854926
851078
846509
863375
861075
859189
857536
857071
857155
855982
854087
852506
851592
850770
850151
848836
842028
838466
836070
834366
834553
870097
830323
818795
817203
816682
815379
815058
814679
814028
813039
812163
811592
808891
804951
802832
802221
801650
801374
798357
797049
796267
796254
795359
795233
794016
793821
793755
793754
731785
722287
721830
719619
716598
714271
713986
708329
700411
698565
697832
697332
693475
687810
686212
677072
676854
676438
674902
673085
673069
672389
670825
670834
669397
668871
668726
668167
666834
664693
663560
663410
663394
662473
662135
662056
661607
661508
660824
660316
660250
659564
658306
657930
656130
654638
649656
647416
653809
649217
648651
646234
644894
644918
644806
644719
642864
639234
638071
637072
634631
632878
632709
629712
625291
622720
619693
616592
613505
610052
605896
628602
627052
626882
624999
624167
623700
622723
620480
617054
614242
613774
608260
612842
610449
609939
609573
607333
607103
606596
604737
604766
603311
601976
601328
600725
597362
597055
595613
594741
594107
593890
593854
592646
592421
592044
591075
590970
588381
586810
586303
585790
585335
582791
582504
580765
575675
580668
580317
598888
579075
576679
577006
576727
576051
573865
571391
568612
565832
563354
560864
558593
555908
552482
571200
570928
568789
568771
509450
566929
566862
566153
566050
566060
565442
564306
564086
562207
561320
558942
557681
556095
553483
552157
550134
549127
545765
544953
544219
543715
543489
542707
536912
535769
532278
529160
527661
526841
526517
523600
522652
521175
518227
518149
517547
517152
513472
512856
511941
511311
509888
509705
507288
505929
505662
504913
504470
504460
502265
500540
500181
494572
490913
488371
488056
487757
485807
484359
483104
483066
486097
482912
480419
476174
472867
472118
471401
471378
468737
458852
456594
457529
455122
455136
454793
441670
436665
441656
437770
433107
431191
475838
468263
463955
460768
455207
448075
424795
424459
424237
413719
410977
402681
400716
396796
394859
394109
391009
389969
378483
376477
376103
352113
375613
372964
369584
372359
370404
370210
363916
363819
360241
355196
354662
352266
350142
345314
329229
325650
323983
320214
319515
319470
316888
314993
313503
312410
311301
302198
301591
289238
300768
296332
295899
295086
294726
294343
294256
292097
291325
291764
290060
289978
289125
288440
288099
287648
285690
260853
260731
259130
258802
257724
253096
252441
248697
248494
248322
246389
240398
239676
238675
236064
235292
233188
231093
228858
224159
223469
219172
214284
211234
210993
210625
209573
206676
205712
204388
202539
202683
191600
189805
180558
179717
173564
169689
167376
166506
165962
154661
131850
126265
121724
115944
113717
110206
110117
1118300
1115410
1113109
1101451
1100033
1097743
1094497
1094295
1093495
1057568
1040188
1035441
1092072
1089922
1088162
1084284
1079379
1047084
1046808
1040878
1039677
1039142
1034003
1030776
1029732
1028047
1017854
1016752
912453
1014540
1014330
1007875
1006533
995504
994994
993809
990646
990362
987463
971193
889681
887664
868382
864080
865165
859831
853057
830684
807883
796159
795611
794227
793204
747063
736237
726698
724048
721162
720970
716007
714116
701489
701136
700048
699304
691798
681117
689833
687881
683250
682500
676228
675078
665321
663350
657180
654434
642453
638970
636837
629685
620563
618494
616329
603935
595145
592728
581914
559223
535239
534476
534358
522913
520548
506131
502202
411971
400353
390078
380585
378195
345168
337135
329169
324846
322330
321757
298120
271420
267664
257714
255278
251250
244837
237948
234843
212495
203713
203422
173969
142599
114944
112975
112967
110165
110162
103166
102563
98459
96971
88837
83209
83169
70256
65849
39668
33168
28795
1159966
1155171
1153640
1147463
1146745
1129952
1129915
1115382
1110013
1108091
1105423
1103611
1074807
1073493
1070444
1047823
1019014
973697
971973
968865
953494
950937
916553
915365
911263
911191
893138
846843
842547
842464
646521
622606
509187
418421
294557
190777
132243
42845
745601
742185
737304
718877
716578
713048
706225
694330
654195
645875
642923
641329
635832
634875
619136
616178
562192
552025
548399
1165805
1163771
1151354
1150432
1140739
1138308
1137682
1131965
1131896
1131040
1122633
1044770
1044519
1038385
1038365
1038364
1032023
1030632
1030629
1028705
1027364
1027350
1026714
978702
976238
973125
964433
963753
963136
815145
956047
951189
938802
935797
935564
922201
919982
915456
912856
899275
897088
891103
886254
886258
877489
872669
856902
852695
838867
836395
824396
824044
815586
815407
811725
807536
788431
783276
781834
758227
753844
745865
743294
734453
711681
703836
573589
671775
663986
662818
661380
645110
581381
580183
576487
570440
568966
567339
563494
548076
539920
383490
309759
294597
289425
287022
277553
255320
254535
252567
244679
231961
197414
173320
155625
155312
78170
32763
897950
819305
815245
756534
753533
747842
742884
740189
736462
730660
729192
724052
723016
719518
632228
619456
617800
615912
612141
607639
606190
589009
604780
601898
603373
600886
599313
598317
598307
595844
594130
589271
586635
577030
561015
555381
540649
539095
509906
508818
506439
501391
501383
337288
37949
845841
827447
803130
775543
731193
721793
715686
681966
678539
572286
284998
280339
280337
1193508
1193184
1193081
1192380
1192131
1191682
1191433
1191370
1190997
1188375
1172147
1149660
1187945
1187578
1136628
1125686
1105131
1096583
1087652
1125473
1102376
1093936
1086017
1078072
1066425
1056018
1044221
1031433
1136304
1133013
1131042
1129049
1128663
1127560
1125804
1124771
1124003
1123379
1122565
896461
896340
895556
894805
894755
894730
894474
893606
892834
890258
889333
889117
883119
877659
872676
868622
863038
857281
853214
848633
844047
842185
829246
819070
720317
719267
719019
716638
716427
716338
714305
713603
712861
712433
711841
710963
596956
596024
582785
560612
595895
595807
595277
593440
593420
590928
591253
591154
574863
563597
553845
476213
590164
581406
581401
581292
581262
590069
585765
575602
530958
528350
525031
525018
511934
494532
488197
521921
520635
509028
493554
487316
485757
475986
519789
694167
519560
518838
517762
516809
516393
516189
515317
515501
507709
506797
506251
505967
505305
502195
504484
502835
498607
498058
495612
495298
487164
407195
407194
404484
402756
400744
400692
398093
397607
396942
394981
391360
389690
328619
328241
328088
328086
326286
325987
325474
325415
325382
325368
325155
324811
205033
205031
201712
201711
201703
201698
201695
201693
204934
203671
203173
202645
201941
201772
201708
200654
197452
196325
194132
195074
193969
57325
51362
48635
48563
47860
46352
46315
46564
44619
43692
40966
42824
37207
38721
33658
32397
30772
1165036
1155779
1164965
1163315
1162346
1160726
1159147
1153522
1153495
1149766
1150380
1146988
1145973
1082044
1081033
1080389
1080344
1077532
1077081
1076653
1073992
1071932
1069819
1069749
1069306
1068305
1067038
1066660
1066169
1065730
1065346
1064626
1063615
1061694
1061690
1061430
1061085
1037680
1035938
1034514
1033554
1033071
1032662
1030561
1029856
1029553
982169
910389
1079472
1028716
1028341
1028045
1024804
981060
980111
979278
976342
975896
973560
970944
970275
964773
966588
965003
962911
907505
907118
905693
904975
902319
899346
896321
896258
894899
894105
892182
891288
889730
888819
888323
887131
886605
886407
881431
880442
878349
876436
796983
876286
873094
792717
789632
787535
786348
784637
782138
781574
780934
780176
776490
776961
773920
766470
760255
754629
754507
754501
752933
751104
750001
746184
746166
743237
742054
737545
736699
286769
280459
279979
273875
273382
272727
272327
270465
268416
262796
262422
262269
261297
108452
98325
96300
83030
73207
44993
43649
39858
34907
23348
1196421
1193518
1190064
1187883
1178540
1168593
1167598
1162529
1164380
1157740
1155168
1154603
1153129
1147359
1123107
791486
790154
783167
781695
780338
779422
777494
778166
776258
775923
768510
758574
757792
838825
832013
836086
829219
826049
819892
810330
513092
758889
757136
746966
725426
688201
667602
1126867
1115949
1113302
1112744
1108509
1104937
1101701
1098357
1092153
1077629
1062721
1046269
639038
625949
620182
614378
610152
601033
598109
591662
589394
589141
584682
582809
