1216996
1216777
1216258
1216099
1215316
1215296
1215086
1215229
1214556
1214312
1214258
1214168
1213811
1213074
1212654
1212479
1212146
1211998
1211883
1211459
1210885
1211162
1211108
1210859
1210221
1210156
1209868
1209842
1209099
1208970
1208992
1207298
1208774
1208504
1208389
1208070
1207881
1207738
1207371
1206326
1206621
1206594
1206178
1205695
1206135
1205925
1205718
1205013
1205406
1205249
1203676
1203597
1203436
1203359
1203074
1202968
1202340
1201875
1201745
1201254
1200900
1200862
1200626
1200627
1200454
1200170
1200145
1200111
1200030
1200024
1199853
1199507
1199328
1199072
1198657
1198644
1198566
1198474
1198054
1197413
1197298
1197250
1197153
1196962
1196861
1196718
1196698
1196103
1195113
1195802
1194973
1194164
1193508
1193184
1193081
1192695
1192516
1192380
1192131
1191682
1191433
1191370
1191263
1191187
1190997
1190523
1190158
1190023
1189643
1188682
1188375
1187945
1187578
1187485
1187390
1186637
1185760
1185478
1185137
1184813
1184568
1184070
1184044
1183798
1183706
1183481
1182838
1182797
1182716
1182517
1181977
1181067
1181053
1181003
1179996
1178903
1178862
1178535
1178461
1178078
1177778
1176742
1175449
1175287
1174988
1175052
1174870
1174686
1174039
1173671
1173669
1173065
1172889
1172901
1172792
1172525
1172458
1172058
1171357
1170670
1170477
1169795
1169393
1169337
1169049
1168817
1168341
1168037
1168012
1167691
1167616
1167510
1167556
1166997
1166846
1166220
1165893
1166101
1165556
1165541
1165324
1164105
1162049
1161568
1161564
1161380
1161145
1161008
1160982
1160370
1160195
1158624
1158682
1158566
1157979
1157975
1156983
1156816
1156554
1155361
1154883
1154898
1154754
1154738
1154362
1154221
1153946
1153701
1152882
1152519
1152107
1152001
1151982
1151951
1151903
1151818
1151543
1150637
1150222
1150111
1149482
1148646
1148523
1148409
1147905
1147536
1147471
1147455
1147361
1146233
1146136
1145776
1145758
1143934
1143730
1143644
1143191
1142958
1142525
1141639
1141415
1141295
1141316
1141171
1140920
1140443
1138734
1138287
1138285
1138109
1137874
1137026
1136829
1136655
1136628
1136510
1136304
1135598
1134689
1133922
1133013
1132995
1132364
1131042
1130725
1129652
1129049
1128663
1128176
1127560
1127500
1126763
1126684
1125804
1125686
1124771
1124751
1124453
1124265
1124016
1124006
1124003
1123969
1123854
1123825
1123547
1123379
1123318
1123159
1122954
1122871
1122565
1122445
1122266
1122017
1121622
1121463
1120582
1120011
1119540
1118965
1117018
1115240
1115191
1114874
1114527
1114479
1114295
1114189
1113456
1113353
1113313
1113216
1113171
1112750
1112357
1112127
1111965
1111483
1110985
1110584
1109098
1108825
1108210
1107690
1106823
1106175
1106032
1105532
1105436
1105320
1105131
1104405
1104070
1103943
1103759
1103266
1101907
1101562
1100932
1100713
1100755
1100740
1100605
1100004
1099986
1099442
1099290
1099268
1098871
1098563
1098214
1098204
1097704
1097537
1097261
1097205
1096559
1096583
1096502
1095937
1095963
1094442
1093363
1092914
1092108
1092048
1091700
1091254
1089289
1089227
1089009
1088534
1088849
1088458
1087652
1084988
1086031
1085845
1085168
1083913
1083389
1083270
1082644
1082282
1081978
1080360
1080149
1078322
1078265
1077751
1077024
1076961
1076610
1076271
1076270
1075323
1075125
1074312
1073754
1073489
1073320
1073208
1072260
1072251
1072121
1070134
1069769
1068690
1066442
1066347
1066067
1065769
1065686
1064599
1063938
1063992
1063785
1063598
1063576
1063500
1063034
1062970
1062511
1061576
1060758
1059745
1059700
1058320
1057752
1057509
1057348
1057072
1057039
1055783
1055671
1055499
1055430
1055369
1055173
1054902
1054894
1054504
1054256
1054595
1054075
1053942
1053063
1052264
1051886
1051818
1051481
1050946
1050680
1050359
1050206
1049856
1049520
1049452
1044542
1048793
1048677
1048674
1048553
1048488
1048160
1047926
1047419
1047235
1047230
1046749
1046470
1046223
1045298
1045973
1045783
1045590
1045435
1044278
1044269
1043964
1043722
1043672
1043609
1043168
1042580
1042510
1042428
1042254
1040988
1040260
1040448
1040442
1039876
1039476
1039468
1039440
1039310
1039168
1039141
1039112
1038553
1038302
1038154
1038108
1037803
1037621
1037688
1037631
1037593
1037377
1037226
1036961
1036709
1035688
1035553
1034681
1033578
1032632
1032571
1032437
1032293
1031808
1030345
1030382
1030023
1029989
1029693
1029320
1029305
1029255
1029209
1028630
1028450
1028033
1028022
1027948
1027664
1027456
1027446
1027206
1026972
1026779
1026614
1013600
1025660
1025458
1024835
1024691
1024495
1024202
1023949
1023902
1023812
1023757
1022629
1022510
1022212
1022186
1022198
1022177
1021786
1021727
1021636
1020921
1020568
1020116
1019830
1019588
1019139
1018904
1018418
1018540
1018070
1017515
1017925
1017837
1017575
1017333
1017313
1017115
1017090
1016953
1015912
1015394
1015207
1014953
1014449
1014021
1013670
1013425
1012472
1012295
1011798
1011051
1011032
1010664
1010440
1009958
1009081
1008086
1007828
1006933
1006677
1006500
1006457
1006388
1006076
1005983
1005801
1005190
1005017
1004685
1004339
1004317
1003748
1003518
1002810
1002711
1002272
1002002
1001801
1001759
1001745
1001571
1000924
1000414
1000262
999302
999347
999114
999284
999081
998713
998206
997089
996740
996509
996213
996141
996140
995595
995492
995075
994775
994738
994701
994142
993438
993385
993360
993319
993258
992852
992763
992750
992625
992468
992039
992002
991531
991252
990932
990357
990152
989517
989172
988896
988735
988795
988645
987771
987383
986847
986755
986400
986267
986261
985959
985581
985547
985470
985430
985402
984935
981839
984389
984456
983854
983229
982958
982978
982919
982734
982202
982056
981903
981640
981265
979168
980335
979824
979478
979330
979146
978689
977506
976148
976040
975972
975072
974700
974546
974208
973738
973678
973400
972633
972151
972050
971513
971055
970966
970854
969360
969365
969092
968989
969028
967557
967061
966871
966584
966469
966418
966325
966163
965804
965108
964486
964047
963942
963932
963609
963564
963465
963129
963029
962983
962486
962250
962258
961984
961601
961598
961196
960728
960695
960572
960270
959585
959491
959399
959391
959104
958379
957155
957014
955808
955770
955063
954686
954493
954475
954337
953968
953576
953562
953505
953468
953363
952841
952536
951745
951410
951362
951209
950748
950375
950287
950017
949746
949672
949664
949437
949393
949202
948410
948039
947874
947423
947518
947371
946641
946162
946153
945784
945611
945212
945114
944992
944558
944407
943188
943173
943176
942735
942708
942473
942376
942241
942194
941781
941528
941461
940617
940565
940781
940742
940243
939990
939913
939482
939458
939095
939092
938355
938274
936757
936677
936438
935297
935061
934589
934490
934485
934164
934029
933892
933464
932915
932820
932026
932067
931151
930181
930045
929524
928960
928550
928525
927852
927744
927573
927113
926959
926833
926819
926540
926219
926206
925480
925352
924967
922810
925082
924906
924889
924422
924604
924491
924312
924155
924149
924135
923816
923674
923306
923207
923172
923134
922933
922184
922150
922046
920949
920969
920816
920150
919424
918545
918296
918158
918121
916215
915898
915764
914647
914586
914172
914136
913948
913865
913352
912797
912425
911100
908842
910796
910619
910513
910167
909689
908999
908857
908823
908719
908040
908033
907625
907493
907376
907334
907208
907011
906963
906851
906680
905648
905410
904988
904742
904638
904575
904570
904104
904150
892941
903480
902981
902935
902826
902475
902371
901235
901386
901335
901274
901249
900911
900852
900827
900689
900382
899726
899338
898536
898118
897968
897411
897354
896461
896340
896283
896197
895556
895428
894805
894755
894730
894676
894474
894469
894455
894443
893606
892834
892803
892519
891013
890936
890852
890258
890124
889333
889245
889117
888805
888767
888686
888393
887776
887182
886550
886437
886419
886384
886348
886331
886077
885888
885837
885673
885534
885449
885425
882161
884975
884945
884557
884266
884312
883864
883310
883129
883119
882748
882760
882548
882179
881913
881837
881771
881679
881225
880845
878611
878420
878418
878052
878054
877991
877958
877615
877659
877644
877564
876604
876612
876350
875964
875922
875846
875804
875641
875048
874821
874480
873995
873940
873751
873200
873000
872920
872705
872678
872676
872543
870866
871152
870696
870610
870267
869272
868622
868482
868328
868230
867418
867195
867282
866332
865626
865503
864976
864669
864436
864392
863966
863624
863038
863007
861572
862469
862340
862021
862017
861962
861989
861710
861041
861160
861113
859507
859421
859376
859256
859191
858403
858400
858211
857935
857910
857889
857868
857867
857699
857576
857456
856712
857379
857281
856589
855453
855528
855468
855256
854642
854424
854348
853367
853214
852811
852630
852400
852060
851802
851119
851034
850948
850721
850665
850256
850148
849746
849734
849631
846989
849269
849092
848377
848860
848633
848474
847317
847253
847098
846890
846858
846756
846332
846151
846103
846049
845762
845418
844926
844542
844047
843839
843703
843637
843520
843468
843391
843062
843135
842021
842185
842134
842103
842032
841959
841935
841903
841873
841485
841337
840651
840636
840582
840231
840214
840120
839235
838671
838626
837926
837976
837963
837673
837481
837357
837256
836848
836407
836153
836021
836013
835613
835235
835232
835005
834960
834744
834504
834403
834306
834175
834104
834023
833989
833520
833517
832530
832470
832033
831920
831713
831674
831504
831479
831469
831371
831291
831152
830947
830822
829713
829221
829246
829089
828793
828790
828224
826906
825312
825228
824920
824772
824633
824520
823828
823742
823703
823289
821888
821597
821666
821664
821346
819546
819244
819070
818533
818133
817790
817449
817224
814809
816300
816149
815656
815314
814692
814661
814086
813381
813187
812964
812881
812721
812527
812318
812042
811915
811896
810181
809328
809399
808941
808604
808307
807749
806587
806317
805744
805682
803696
803677
803354
802402
803003
802865
801707
801595
801590
801283
800990
800736
800094
800139
800126
799081
798864
798748
798558
798071
797973
797321
797163
797020
796483
795929
794771
794877
793617
793448
793288
792857
792529
792364
792042
791251
791010
790875
790920
790888
790748
790530
787781
787614
787342
785884
785614
785466
785333
783314
782578
782464
782345
782151
780949
780815
779564
778913
779010
778737
778390
778036
777904
777572
777478
777215
776974
776926
776881
775505
775339
774037
774031
772565
772791
772559
771992
771900
771427
771578
771029
770750
770619
770163
769944
769573
769259
769214
769087
769003
767898
767635
767571
767482
767369
767102
767031
766710
766355
766133
765933
765904
765637
765394
765220
765153
764904
764734
764680
764162
763566
763526
762613
763386
763133
763087
763039
762865
762823
762660
762475
762281
761214
761024
760781
759557
759445
759280
758879
758856
758747
758301
758024
757585
757473
756898
756624
755694
754361
754012
753651
753610
753259
753246
753211
752371
752364
752090
751755
751727
751666
751456
750513
749317
749305
748945
748604
748599
748302
748216
747981
747500
747191
746851
746386
746558
746518
745968
745449
745170
745120
744456
744202
744043
743760
743780
743665
743465
742809
742744
742706
742642
742507
742307
742052
741952
741762
741736
740983
740872
740702
740699
695121
740330
739372
739122
738605
738358
738339
738204
738089
737906
732638
736753
736491
736086
736050
735794
735385
735558
735237
735117
734867
734858
734817
733976
733921
733232
732655
732265
732098
732050
731680
730194
730169
730166
730074
730053
729784
729544
729023
728837
728733
728448
728175
727961
727585
727384
727053
727226
726180
726149
725726
725473
724442
724346
723640
723567
723006
719507
722187
722140
722106
720762
720753
720674
720540
720317
720305
719267
719019
718684
718149
718074
716814
716638
716487
716427
716338
716146
715865
715616
715336
714305
713930
713603
712861
712433
711841
711609
711006
710963
710935
710637
710345
710334
710151
709465
707913
708399
708049
707902
707443
706711
706504
705782
705671
705389
704901
704714
704367
704267
704134
703983
702820
702768
702755
702234
701922
701714
701222
701172
700951
700685
700600
700593
700442
700271
700111
700059
699674
699575
699280
698151
697848
697475
697201
696666
695905
695898
695867
695856
695685
695427
694634
694416
694404
693280
693110
693054
692882
691967
691899
691292
691351
691244
690893
689883
689479
689209
688790
688322
687862
687801
687299
686893
686743
686604
685078
684956
684674
684344
683198
683140
682735
682092
681880
680953
680950
680740
679389
679255
679161
677942
676515
675889
675882
675499
675196
675098
674046
673409
673387
673060
672809
671939
670077
669749
669479
669394
669261
669127
668540
667757
667642
667278
667209
665967
665936
665852
665731
664910
664827
664683
664267
664102
663123
663054
662982
662780
661882
661168
660506
659844
658416
658180
658120
658008
658006
657826
656499
656181
655934
655920
655406
655208
654283
653785
653664
653503
652048
651892
651691
651511
651189
651082
650724
649505
648759
648643
648334
648074
647761
646899
646772
646539
646461
646439
646431
646110
645354
639963
644988
643211
643302
643189
643177
643149
642683
642519
642112
641520
641477
641324
641163
641156
641120
640552
640178
639803
639607
638838
638349
638006
637489
637232
636848
635741
635655
635522
635243
633674
632971
632365
631845
631559
631363
631067
631014
630562
630467
630211
630161
630090
629910
629904
629861
629343
629131
628537
628463
628312
627451
627376
627322
627064
626886
626366
626011
625837
625406
625080
624857
624710
624636
624609
624437
624372
624368
624161
623875
623738
623317
623265
622645
622597
622001
621905
621665
621426
621216
621140
620796
620297
620322
620316
620202
619270
618791
618549
618500
618482
617635
617503
617468
615910
615891
615727
615693
615574
615419
615025
614801
614657
614468
614013
613393
613044
612795
612325
612254
610843
610237
609574
609517
606222
609016
608624
607681
607010
606787
605817
605678
605405
604832
604781
604494
604161
604109
603982
602641
602465
600935
600830
600741
600535
600046
599648
599326
598503
596956
596024
595895
595277
593440
593420
590928
592027
591253
591154
590164
590069
589876
589866
589577
589248
588594
588272
588226
587686
587375
587359
587173
587046
586781
586854
585942
585845
585827
585765
585171
584896
584393
583938
583386
582575
581406
581401
581292
581262
581184
580030
578530
578195
577368
575396
576996
576007
575811
575602
575206
574863
574520
574199
573938
573563
573144
572532
571793
570932
570222
570057
569687
568801
568717
568620
566373
566320
565868
564340
563597
563179
563004
562652
562141
561457
559187
558350
558055
557369
556924
556548
555597
555401
555062
553845
552924
552026
551473
551174
551090
547864
549916
549410
549122
548585
547882
546940
546334
545737
545424
544750
544073
543525
542946
541780
541553
541358
540222
540212
539993
539887
539448
539447
539446
539180
538226
538199
537851
537684
537687
537688
537654
537177
536784
536697
536241
534445
534315
534306
534296
534271
533911
533521
532745
532424
532383
531728
531265
530958
530662
528350
528007
527752
527642
527427
527281
527100
525859
526445
525192
525031
525018
522012
521921
519789
519560
518838
517762
516809
516651
516393
516189
515501
515257
515051
514564
513630
513321
512289
512068
511934
511359
511102
510484
509041
507459
508332
507709
506797
506777
506500
506251
505967
505305
505270
504484
502835
502195
500764
498607
498058
495612
495298
494532
492645
487164
487144
486699
486277
486504
486502
486204
484966
483935
483528
483521
483519
483244
480696
480197
480027
479265
478876
478445
477795
477069
476691
473012
472023
471783
470628
470047
469711
469114
469048
466604
466463
465695
465358
463095
462500
462338
457918
456316
456255
455317
454986
454099
453337
452585
451267
450393
450237
449350
448593
447118
443301
443145
442777
441425
440962
440067
439131
438868
438672
438275
437768
436877
434726
432537
431884
430324
429077
428737
427359
425924
424828
424286
424129
424082
424057
423751
422695
422684
422285
421683
421415
421118
420525
418594
417760
417327
416464
415773
415718
414975
412407
412241
411313
410648
410288
409499
409487
408985
408787
408669
408625
408290
407195
407194
404883
404484
404081
403624
402756
400744
400692
398093
397607
396942
396328
394981
394533
391360
391292
389690
389397
389349
389162
387788
387108
385966
385857
384518
383861
382861
380780
377685
376828
374983
374450
374338
373118
371430
371380
370886
369976
368571
368057
368026
368007
367683
367676
367626
367228
366551
365124
363352
362883
362512
362002
361147
361137
359074
358872
357598
354898
354828
354541
354446
354443
354060
353229
351841
351407
349494
346818
343854
342680
341725
339031
338193
336100
335930
335929
335923
335912
335833
335774
335688
335339
334892
334887
334865
334847
334845
334828
334766
334765
334763
334756
334754
334749
334743
333506
331810
331375
330649
330424
329796
329664
328619
328241
328088
328086
327800
327175
326286
325879
325415
325382
325368
325155
324811
324142
324139
324047
323716
323014
322038
321607
320538
320537
315374
314517
313174
313143
312535
312395
311856
311592
311484
311283
311215
310363
309931
309896
309465
308403
308379
308178
308152
307975
307521
306714
306712
306706
306700
306694
306650
306631
305683
304915
303898
303712
302290
302241
300400
300117
299779
299534
299311
298923
298056
296757
296348
292781
291765
289735
289672
289658
287585
287480
287460
287385
284575
283325
283088
282789
282556
279365
278366
277747
277819
277060
276705
276191
275939
274663
273511
273061
272479
271880
270470
269903
269651
268611
268460
266264
266263
266262
266261
266260
266259
265491
263220
262275
259997
259212
259016
258019
257027
255121
254899
254353
250874
250188
250162
246337
246336
245053
243774
242922
241708
239484
237812
237602
236416
235246
234605
233782
233434
233430
233427
233423
232679
231908
231229
230823
230489
228606
228064
225842
225417
225374
224471
223734
220318
219225
219220
219205
216929
216401
216092
213015
212889
212161
210459
197360
207897
207092
205561
205557
204934
203671
203173
202645
201941
201772
200654
197452
196325
194033
194132
192701
192247
185144
182901
181139
180437
173405
172478
172128
167936
163879
163308
162412
162040
160065
156907
156713
156701
156697
153447
154983
154523
153892
153450
153424
152396
147989
147495
147105
146383
145506
143903
143827
138611
138782
137559
135344
130296
128470
123649
123436
122255
121958
118411
118399
109378
108548
106967
96797
89825
82919
82042
78656
75303
73320
73318
73313
69315
67460
65170
61620
61597
61598
61574
61106
59957
57325
55840
51362
46315
46564
44619
43692
42824
39167
33500
32453
32276
30772
30760
28791
28273
25805
23079
21330
19118
18471
17591
17519
15717
1211894
1211799
1210279
1210025
1209797
1209701
1209619
1209478
1209081
1208576
1208347
1207831
1207396
1207301
1206895
1206525
1206432
1205962
1205757
1205300
1204100
1204042
1203090
1203327
1202842
1202433
1202414
1200523
1200483
1200337
1199866
1199464
1198900
1198873
1198811
1198809
1198313
1197495
1196902
1196558
1196515
1196375
1195675
1194792
1194835
1194574
1194546
1193213
1191596
1190975
1190940
1190840
1190466
1188719
1188303
1188251
1188192
1187919
1183737
1183558
1182994
1182205
1182204
1182081
1181572
1181569
1179961
1178569
1178450
1178039
1176899
1176550
1176158
1174018
1173951
1172147
1172082
1171748
1171360
1171078
1170465
1169945
1169552
1169342
1169020
1168134
1167824
1165941
1165867
1165213
1165036
1164965
1164879
1164292
1163364
1163315
1162346
1162262
1162086
1161098
1160726
1160398
1160371
1160319
1159566
1159147
1159009
1158411
1158280
1157962
1158273
1157609
1156809
1155779
1153522
1153495
1149766
1152426
1150709
1150549
1150530
1150380
1149660
1148648
1148695
1147150
1146988
1146724
1146651
1145973
1146085
1145511
1144114
1143885
1142980
1142424
1141350
1141261
1141225
1140433
1139810
1139612
1138484
1138181
1137876
1133999
1136798
1136634
1136493
1136379
1135812
1135795
1135705
1135477
1135606
1134126
1133793
1132321
1131673
1131022
1130760
1130269
1129977
1129396
1129306
1129261
1128589
1127468
1126996
1126141
1125287
1125570
1125473
1124964
1124642
1124045
1123508
1123375
1123037
1122684
1122268
1122007
1121603
1121453
1120321
1119716
1115759
1115223
1115192
1114661
1114254
1114197
1113291
1112574
1112579
1111144
1111950
1111936
1111474
1110167
1109692
1109631
1109523
1109196
1108792
1108501
1107750
1107303
1106677
1106392
1106307
1105931
1105874
1105465
1105014
1104959
1104859
1103947
1103695
1103546
1103324
1103209
1088161
1102805
1102376
1102146
1102125
1101641
1101461
1101290
1100508
1100479
1099786
1099236
1098865
1098603
1098507
1097627
1097150
1096992
1096431
1095158
1094469
1094049
1093936
1093800
1093182
1093104
1092024
1091029
1090772
1090666
1090542
1089885
1088091
1088181
1088096
1087826
1086684
1086558
1086331
1086038
1086017
1085374
1084995
1084821
1083133
1083087
1082232
1082062
1082044
1081797
1081033
1080801
1080389
1080344
1080035
1078960
1078634
1078283
1078072
1077532
1077416
1077081
1076653
1076143
1076449
1074929
1074344
1074447
1073992
1073630
1073264
1071932
1071749
1071478
1071150
1070032
1069819
1069749
1069306
1068927
1068530
1068486
1066838
1068305
1068107
1067038
1066660
1066425
1066169
1065976
1065956
1065730
1065346
1064633
1064626
1063615
1063437
1063009
1062871
1060230
1061694
1061690
1061600
1061430
1061279
1061085
1060927
1059726
1059515
1059308
1058455
1058446
1058138
1058088
1058065
1057788
1057732
1057419
1056262
1056211
1056018
1055554
1054973
1054184
1053862
1053585
1053173
1052627
1052223
1050393
1050272
1050237
1049808
1049730
1049671
1049211
1048243
1048023
1047623
1047348
1047245
1046840
1046262
1045807
1045591
1045439
1044900
1044221
1043505
1043190
1041822
1041743
1041573
1041531
1041188
1040905
1040801
1039582
1038993
1038975
1038778
1038449
1038164
1037680
1037298
1037104
1035938
1035089
1034514
1033918
1033554
1030850
1033071
1032662
1032275
1031628
1031433
1030561
1030320
1029856
1029553
1029509
1028835
1028832
1028824
1028716
1028341
1028045
1027544
1024804
1025600
1025103
1022125
1021813
1021875
1021837
1021660
1021445
1020460
1019987
1019714
1019432
1018913
1018673
1018641
1018162
1017277
1016881
1016355
1015750
1016064
1015718
1015551
1015064
1013918
1013244
1012805
1012446
1012260
1011165
1010908
1010842
1010828
1010462
1009769
1009484
1009432
1008915
1008708
1008393
1006944
1006745
1006658
1006456
1005659
1005264
1004196
1003316
1003293
1003025
1001003
1000718
1000408
999884
999079
998259
997380
997081
996388
996099
995798
994117
992974
992942
988730
985781
983793
983085
982998
982169
982112
981564
981060
980111
980089
979837
979278
979002
976480
976342
976009
975896
975784
974917
974227
973560
973523
973047
972106
970944
970768
970552
970275
969677
968604
968440
964773
966588
965003
963653
963434
963235
963083
962911
962657
961443
961412
960738
960388
959522
959354
958166
958090
957104
956969
956680
956042
955789
955336
954924
954678
953714
954419
954224
952707
952254
951990
951298
950893
950140
948376
948120
947918
947345
946735
945716
944252
944195
942917
942723
942246
942228
941985
940806
940424
939061
939427
939235
939124
939067
938335
937967
937996
937388
936835
936646
936449
935828
935561
934596
934522
933964
933237
932962
932634
932162
931791
931139
931703
931366
931193
930735
929317
928751
928443
928244
928232
928192
927947
927747
927750
927308
926774
926720
925690
925537
924567
924534
924124
923912
923061
923137
923070
922447
923046
922595
921616
921418
921228
921149
920350
919280
918915
918637
918669
918472
918130
918004
917998
917660
917561
916988
916864
914650
914629
914454
912983
912885
912409
912370
912320
912209
911188
911338
911375
910986
910595
910382
910389
909333
909294
908930
908267
907505
907179
907088
907146
907118
906491
905693
905026
904975
904285
903066
902844
902319
901246
899891
899633
899346
898549
897899
897366
896321
896258
895717
895614
895348
894899
894804
894105
892674
892182
891669
891396
891288
890794
889945
889730
889654
888819
888323
887656
887131
886959
886608
886605
886407
885793
885326
884728
883462
881431
880442
880412
878530
878349
877962
876794
876436
876286
875839
873361
871988
871106
870183
869556
869208
868520
868026
866248
865960
865168
864608
864008
863442
863380
863375
862309
861075
859189
858866
858840
857536
857449
857071
856922
856075
855982
854309
854926
854866
854087
853392
852506
852145
851769
851592
851078
850980
850770
850151
850007
849532
848836
847888
846509
844807
843864
843713
842028
838466
837147
836367
836070
834366
832197
831988
830323
828613
828223
827431
826891
826678
826175
826215
824987
824487
822657
822687
821287
821524
819033
819026
818916
818795
817562
817203
816682
816327
816230
815379
815058
815098
814679
814499
814028
813039
813032
812865
812638
812163
811680
811592
810316
808891
808328
807762
807448
806905
806567
805073
804951
804744
804382
802862
802832
802221
801455
801650
801374
800869
800582
799427
799164
798357
797049
796983
796854
795790
796284
796267
796254
795359
795233
794779
794580
794571
794361
794205
794016
793821
793755
793754
792888
792374
792717
792522
791136
789324
789655
789632
788082
787535
786072
785753
785154
784637
784580
784194
784054
783870
783227
783215
782138
780934
780176
779831
778595
776952
776490
772396
775198
773920
773253
770669
769198
770073
769797
767840
766470
765994
766077
765434
765088
764149
763618
761892
760675
760541
760255
758833
757526
757529
757520
757060
755891
754629
754507
754501
753119
752933
752205
751907
751104
750858
750001
748716
748499
748267
748126
747838
746324
746184
746166
745785
745712
745635
745571
745109
744868
744633
744418
744101
743237
742796
742054
742023
741712
741533
741013
740796
739662
739253
738790
737545
736699
736049
735831
734826
734310
733215
733099
731785
730773
728911
728541
725725
724465
722504
722391
722287
721830
721489
720367
719664
719619
719399
719072
718894
718247
716598
715699
715168
714271
714082
713986
712747
712515
712234
710902
709619
709601
708329
708045
705994
706082
703787
701752
701065
700388
698565
697832
697332
695141
693475
693331
693261
692884
691115
690781
687810
686419
686212
684934
683733
682457
681426
681093
681055
680426
677072
676854
676438
675895
676170
674935
674902
673797
672795
673085
673069
672389
671842
670825
670834
669397
668871
668726
668502
668167
666813
666834
667468
664693
663661
663560
663455
663410
663394
662858
662473
661859
662135
662056
661607
661587
661508
661239
661079
660824
660774
660316
660279
660250
659838
659564
659555
659503
658705
658306
658169
657849
657988
657930
656130
654623
654638
653809
652972
649656
649217
649204
648651
648449
647416
647151
646234
645792
645643
644894
644918
644806
644719
643323
642864
642612
641370
641059
640491
639584
639464
639234
638881
638621
638554
638071
637072
636222
635944
634631
633531
633518
633472
633379
632878
632709
631986
629712
628602
627902
627052
626882
626859
626197
625317
625291
625264
625081
624999
624167
624026
623700
623724
622723
622720
622160
620480
619693
619001
618301
617054
616846
616592
616454
614913
614242
613774
608260
613505
612842
611821
610730
610449
609939
610052
609573
607333
607103
606596
606339
605896
604737
604766
603311
601976
601328
600725
600006
598113
597628
597362
597055
596377
596122
595613
594741
594093
594107
593890
593854
593389
592646
592421
592044
591075
590970
588381
586810
586722
586303
585790
585335
584877
584072
582791
582785
582504
580765
580668
580317
579821
579075
576679
577006
576727
576051
575675
574389
573865
571391
571200
570928
569885
569764
568795
568789
568771
568612
566929
566862
566621
566431
566153
566050
566060
565832
565458
565442
564306
564086
563893
563354
563239
562210
562207
560612
561320
560864
560092
558942
558817
558593
556153
557681
555908
553483
552482
552157
550134
549127
545765
545556
544953
544352
544219
543715
543489
542707
537319
536912
535769
534386
532278
531144
529160
528758
528176
528156
527661
527716
527095
526841
526517
525442
523600
522652
521175
519707
518227
518149
518113
517851
517547
517152
516158
515992
515317
514325
513472
512856
512211
510714
510000
509888
509705
509450
507288
506233
505929
505662
504913
504470
504460
503226
502265
500540
500181
499303
498035
497627
496666
495751
494572
494204
493263
492606
492061
491452
490913
488443
488371
487757
486097
485807
484497
484359
483104
483066
482912
480419
480407
477115
476942
476213
476174
472867
472118
471401
471378
461576
458852
457529
456594
455122
454793
446717
445092
441670
441656
438174
436665
433107
431191
424795
424459
424237
415028
413719
402681
401022
400716
396872
396796
394859
394109
391009
389969
385739
382327
378483
376477
376103
375613
372964
372359
370404
370210
369584
367005
363916
363819
360241
354791
354662
352266
352113
350142
349568
347768
345314
341300
340346
339008
334857
334770
334727
333810
333622
331317
329229
325650
323983
321289
320214
319515
319470
316888
314993
313503
312410
311301
306733
303114
302198
301591
300768
299538
297397
296332
295899
295086
294726
294343
294256
293862
292097
291764
291325
290060
289978
289238
289125
288440
288099
287648
287047
286769
285690
280459
279979
273875
273382
272727
272327
270465
268416
262796
262422
262269
261297
260853
260731
259130
258802
257724
253096
252441
250306
249451
248697
248494
248322
246389
240398
238675
237033
236064
235292
233188
233145
231093
228858
224159
223469
219172
214284
211234
210993
210625
209573
206676
205712
202683
197137
193380
191600
189805
183270
180558
179717
173564
169689
168441
168328
168313
168301
168291
167760
167376
166506
165962
154661
131850
126265
123657
121724
119547
115944
113717
110117
96300
96237
73207
43649
39858
20401
19701
19607
1196850
1196421
1196033
1195012
1193518
1193023
1190064
1187883
1186065
1185729
1178540
1171752
1169999
1168781
1168593
1167598
1166356
1165440
1164380
1162529
1160984
1160059
1157854
1157740
1157005
1155168
1154603
1153129
1152898
1149782
1148517
1147359
1144292
1129357
1126325
1124568
1124357
1123107
1122812
1121143
1118300
1116719
1115410
1101451
1101650
1100033
1097743
1094497
1094295
1092072
1089922
1088162
1086938
1086151
1084284
1083794
1079379
1073810
1072844
1068082
1062642
1062632
1062316
1060343
1058047
1053551
1052133
1047084
1046808
1043454
1041056
1040878
1040215
1039677
1034003
1031631
1030776
1029732
1028047
1027166
1020601
1017854
1016980
1016752
1016131
1014813
1014726
1014540
1014330
1012403
1009756
1007875
1007681
1007659
1007540
1007361
1007286
1007135
1006533
1002770
1002642
1001946
998938
997082
995504
995157
994994
993809
992471
992254
990646
990362
990151
988646
987463
985005
984058
971193
968023
964563
962234
960179
956786
954249
952971
951982
950671
947859
946161
945390
944580
942762
942664
939508
939324
938958
937509
934339
925165
922128
921866
920402
918771
912708
912453
909226
909161
907826
906633
906385
906361
906134
906109
906078
905787
902616
902240
901878
900612
900978
899428
898152
896933
891847
889681
887383
875087
869072
868382
865165
864080
861544
859831
858502
857176
857155
853057
850374
847679
842647
842648
836872
823824
823771
821757
819073
811319
807882
807883
803293
796159
795611
794227
793204
791486
790154
783167
781695
780338
779422
778166
777494
776961
776258
775923
773623
773018
772750
768510
758574
757792
755648
753877
753743
747063
736237
727446
726698
724048
723081
721162
716007
714116
701489
701136
699304
691798
689833
687881
683250
682500
681331
681117
678249
676228
675078
665321
663350
662521
662268
657180
654434
650819
647898
642453
642038
640526
638970
638423
636837
629685
628361
624863
621627
620563
618494
616505
616329
615206
615083
614407
603935
595145
592728
589997
582558
581914
580408
577476
565181
559223
538975
535239
534476
534358
522913
520548
516696
506131
488197
480962
463175
455136
454687
453330
452937
452277
449888
411971
400353
391198
390078
380585
378195
345168
337135
329169
324846
323745
322330
321757
298120
271420
267664
257714
255278
251250
244837
237948
235352
234843
216685
212495
203713
173969
152865
152507
142599
125960
112975
112967
110165
110162
103166
102563
98459
96971
88837
70256
65849
58542
57043
40966
34772
33168
28795
20013
1164278
1159966
1155171
1153640
1151716
1147463
1129952
1129915
1129881
1126608
1117812
1115382
1110013
1108091
1105423
1103883
1103611
1100191
1090302
1083004
1080752
1079472
1074807
1073493
1070444
1068999
1068127
1066183
1065495
1064361
1062583
1062601
1061257
1061170
1056041
1054728
1053268
1049934
1047823
1034064
1029735
1024947
1019897
1019014
1015554
1015542
1014767
1010087
977283
973697
971973
968865
963402
962667
959781
953494
950937
931282
921617
921607
918696
916553
915989
915365
913398
911263
911191
907151
904938
893138
891771
889042
872491
868423
846843
842547
842464
841235
838825
837511
836086
835434
832013
831238
829219
826049
819892
814686
813680
810330
785268
783606
782857
781241
777639
775447
759506
758889
757183
757136
746966
742089
725426
718381
716858
702826
702469
699762
698783
697825
695002
694167
694095
690073
689594
688201
682881
678858
675878
675581
669121
667602
666964
646521
640235
635770
631849
629979
628919
627905
626577
625082
622606
612280
581094
577433
577127
576174
573080
513092
509187
505456
504719
502176
500248
477445
475838
474415
468263
463955
460768
455207
448075
432825
431826
418421
294557
190777
132243
121952
939209
934744
920812
897537
893887
875037
873146
745601
742185
737304
718877
716578
713048
706225
694330
670368
667473
664342
662712
654195
645875
642923
641382
641329
639117
635832
634875
619136
616178
562192
552025
548399
510480
1165805
1163771
1161126
1154027
1151354
1150432
1148065
1146281
1143630
1142742
1140739
1138308
1137682
1131965
1131896
1131040
1129375
1128945
1127265
1126867
1125629
1122633
1119574
1118151
1116862
1115949
1113697
1113302
1112744
1108603
1108509
1104937
1104045
1102942
1101443
1101701
1092153
1079313
1078743
1077629
1062721
1061313
1053259
1046792
1046269
1044770
1044519
1038385
1038365
1038364
1037546
1032023
1030009
1030632
1030629
1028705
1027364
1027350
1026714
1010250
1008752
1008312
1005223
1004103
1001931
999300
994164
991719
978702
976238
974199
973125
967548
966425
964433
963753
963136
960333
959623
956047
951189
950906
947876
935641
938802
935797
935564
931796
930807
925410
922201
920845
919982
918706
915456
912856
899275
897088
891103
886254
886258
882462
877489
874717
872669
856902
852695
850077
838867
837605
836395
833978
833812
833132
824090
824396
824044
819960
815586
815407
815145
811725
809105
807536
805960
803386
791581
788431
785895
783276
781834
780341
767488
773904
770489
766127
758227
754801
753844
749813
745865
744407
743294
739839
734453
733857
731575
715722
715653
714484
712742
711694
711681
710021
704108
703836
695800
671775
663986
662818
661380
658821
645110
640952
639666
639038
636451
625949
620182
614378
610152
601033
598888
598109
591662
589394
589141
584682
582809
581381
580183
576487
573589
570440
568966
567339
563494
548076
545586
539920
417645
393579
383490
309759
294597
289425
287022
277553
255320
254535
252567
244679
231961
221680
197414
188725
176711
173320
155625
155312
1125479
1121470
1120559
1118096
1119071
1110932
1104991
1007728
1102240
1099192
1098234
1098225
1094062
1089899
1082695
1082435
1070403
1077999
1075087
1074149
1069104
1068068
1067266
1061379
1060348
1054860
1030254
1046794
1009879
1008097
1004011
1004058
1000474
998720
994636
993492
990228
988972
986967
986864
984130
980094
976519
976641
972480
968026
967763
967676
966253
966554
963332
960197
958485
956699
956848
953264
951452
945990
943282
939788
937435
937654
934578
931954
933229
930105
929397
929525
925978
923292
921498
919563
915735
909955
906513
903767
902399
900184
899653
899125
897950
888279
886450
886079
880208
874461
873112
871355
870471
870605
870248
869592
869588
869568
869529
866432
866350
864431
863009
861025
862086
860153
854627
858690
856875
853101
851816
847168
847117
845680
843016
841668
838219
835296
834694
834123
830418
828535
817307
819305
817465
815245
812543
800142
797368
794353
791956
790125
787387
784260
781011
779429
778352
776459
775495
774880
772652
767826
766892
764573
756534
755798
753605
753533
749040
748532
747842
746887
742884
741312
741219
740189
736462
735357
730660
729192
728880
728573
725062
724735
724052
723016
721817
720599
720454
720040
719518
718432
713960
713649
710257
708022
707603
705546
704617
704604
701179
699432
697360
697297
693301
691422
690198
686498
683415
683403
683094
671352
671399
670465
668097
637613
630671
632228
619456
617800
615912
612141
607639
606190
604780
601898
603373
600886
599313
598317
598307
597763
595844
594130
593413
589271
588536
589009
586635
586323
577030
576476
564353
561575
561015
555381
555130
540649
539095
520593
517206
512375
509906
508818
506439
501391
501383
337288
37949
32247
873025
869790
859423
855553
851685
845841
843751
829297
827447
809099
807194
803788
803130
797208
775543
771249
765982
764445
761404
731193
721793
715686
702377
682970
681966
678539
678140
674703
670856
653205
650440
648886
643780
643421
639170
633981
627396
624181
619784
572286
541076
395699
381219
320411
318609
284998
280339
280337
40580
1215168
1210035
1209120
1206592
1205708
1203080
1201476
1196684
1196293
1194150
1191625
1187712
1183954
1183713
1181015
1174028
1172051
1169276
1169061
1164189
1163173
1160673
1156545
1151954
1144499
1139194
1120177
1119152
1119354
1118667
1086763
1082868
1080979
1079574
1079307
1062617
1061591
1060393
1058009
1057782
1050731
1041773
1027729
1026358
1025638
1020455
1019925
1016625
1016135
1013506
977168
974704
973477
970174
955765
942645
930982
923186
910393
903610
903431
901736
899308
885106
883291
878732
862631
846931
831209
829883
822934
821016
817730
810387
804213
800109
774486
769333
762505
742212
742090
741403
740161
737657
736147
727974
726937
726292
724507
721194
708563
696236
685310
679784
668456
658071
657049
657044
655754
655682
654461
654423
652367
652349
652342
649159
649154
639742
630038
624033
614019
598238
597233
595807
593599
587363
584464
535521
520635
517233
509028
509254
496806
493554
491985
487316
485757
480248
476561
475986
475924
466209
462559
458298
457458
456070
453734
453481
446805
411892
401345
400881
396791
395224
391799
387978
379814
378530
370474
365118
362351
361355
355855
351487
325987
322031
321672
320570
320509
320242
309306
296408
295808
288571
287309
261578
254585
252622
251774
247449
239825
234011
232984
221538
216853
216843
216095
215378
211291
205794
205091
205085
205080
205077
205076
205075
205047
205043
205040
205033
205031
201817
201712
201711
201708
201703
201698
201695
201693
191770
178184
176111
174151
170093
152289
143368
136706
132407
130756
129907
119843
118917
118324
117753
116401
111276
109771
108572
108358
106457
105185
97269
90300
82547
69106
67721
60829
48635
48563
47860
46352
37207
33658
32397
30680
29842
28652
22822
22151
20353
21286
21150
18504
16112
16097
15898
15318
1207694
1186989
1186765
1185327
1168515
1159646
1155729
1142999
1139711
1123568
1111809
1110038
1102520
1067139
1044164
1042701
1020627
1014816
961518
951893
950742
933041
923112
919958
915858
915629
903388
893282
873094
866257
854588
834553
828116
786348
781574
754998
700411
669123
667354
576509
559616
556095
511941
511311
488056
468737
460430
459518
453005
450477
445226
443685
437770
431675
430449
414912
410977
392113
391771
373929
373319
355196
348262
306023
275550
239676
204388
202539
197084
181255
152050
110206
108452
98325
83030
82549
44993
38721
34907
27490
23348
14999
1113109
1090589
1064378
1040504
1039986
1039142
1035677
1033596
992765
986078
979900
950442
944562
924493
887664
835488
830684
768375
722018
721953
720970
700048
583638
562770
539504
509908
507840
502202
493738
485038
462090
410235
386159
226464
203422
201555
114944
103118
97373
83209
83169
59494
52274
39668
37611
28339
25953
1146745
890848
629247
460969
442941
382963
361251
238511
42845
15892
1009035
870097
869066
674226
223626
78170
32763
779890
596582
547704
547616
545496
543129
527516
