1211571
1203080
1196293
1190815
1185594
1181015
1156545
1151954
1144499
1139194
1138370
1135381
1120177
1119152
1119354
1118667
1086763
1082868
1079307
1062617
1061591
1060393
1058009
1041773
1026358
1016978
1016625
1016135
993644
977168
942645
930982
923186
885106
883291
878732
878429
862631
846931
831209
774486
774482
769333
763929
762505
742090
739689
739680
721194
718927
708939
708563
679784
664421
658219
646204
639742
614019
599125
595807
593431
593342
589414
587363
584464
548153
533230
520635
509028
504027
496806
493554
491045
488255
487316
485757
480248
477684
477608
477556
476561
475986
475924
475325
471772
469357
467573
466209
462559
462178
462165
462156
462152
462114
458298
455370
451468
440349
439381
396296
378530
373894
362098
362095
328435
325987
324753
321672
309178
301315
295808
288744
286302
284054
276703
261578
260017
253260
251774
247449
239825
235847
221216
216853
216843
215557
211315
211291
208129
200960
205091
205085
205080
205077
205076
205075
205047
205043
205040
205033
205031
201712
201711
201708
201703
201698
201695
201693
191770
179486
178184
170093
111276
90300
69106
67939
47953
32397
32037
31592
30680
29842
28652
22822
22151
20353
21286
21150
20530
19060
18504
17404
16340
15318
1186989
1186765
1178597
1167965
1164661
1159646
1155729
1149036
1115820
1112165
1081258
1065444
1061999
1048880
1040715
1037305
961518
951893
949132
933041
923112
915858
915629
903388
873094
866257
861499
828116
781574
700411
655968
511941
511311
488056
437770
423406
422367
410977
355196
348262
328327
314718
308086
285127
260996
239676
170569
110206
108452
44993
34907
27490
23348
19335
1113109
1090589
1040504
1039986
1039142
1035677
1033596
979900
950442
944562
924493
887664
721953
720970
712889
583638
539504
502202
281905
280960
226464
212169
201555
182289
114944
59494
52274
37611
28339
25953
1146745
629247
96517
96528
1150065
674226
223626
153909
78170
407354